0.000000 0.000000 0.979798
0.119175 0.000000 0.979798
0.000000 0.119175 0.979798

0.000000 0.000000 0.979798
0.238351 0.000000 0.979798
0.000000 0.238351 0.979798

0.476701 0.000000 0.979798
0.715052 0.000000 0.979798
0.476701 0.238351 0.979798

0.476701 0.000000 0.979798
0.476701 0.238351 0.979798
0.238351 -0.000000 0.979798

0.476701 0.000000 0.979798
0.476701 0.476701 0.979798
0.000000 -0.000000 0.979798

0.953403 0.000000 0.979798
1.191754 0.000000 0.979798
0.953403 0.238351 0.979798

0.953403 0.000000 0.979798
1.191754 0.000000 0.969697
0.953403 0.238351 0.979798

0.476701 0.000000 0.979798
0.715052 0.000000 0.979798
0.476701 0.238351 0.979798

0.000000 0.000000 0.979798
0.084224 0.028075 0.982129
0.031737 0.095212 0.977162

0.000000 0.000000 0.979798
0.093016 0.058472 0.981015
-0.038990 0.101015 0.977645

0.000000 0.000000 0.979798
0.101918 0.048891 0.980739
-0.046382 0.109870 0.979011

0.000000 0.000000 0.979798
0.065548 -0.086026 0.981144
0.061104 0.074161 0.981826

