0.000000 0.000000 0.000000
5.000000 0.000000 0.000000
0.000000 5.000000 0.000000

0.000000 0.000000 0.000000
10.000000 0.000000 0.000000
0.000000 10.000000 0.000000

20.000000 0.000000 0.000000
30.000000 0.000000 0.000000
20.000000 10.000000 0.000000

20.000000 0.000000 0.000000
20.000000 10.000000 0.000000
10.000000 -0.000000 0.000000

20.000000 0.000000 0.000000
20.000000 20.000000 0.000000
0.000000 -0.000001 0.000000

40.000000 0.000000 0.000000
50.000000 0.000000 0.000000
40.000000 10.000000 0.000000

40.000000 0.000000 0.000000
40.000000 0.000000 10.000000
40.000000 9.999999 0.000000

20.000000 0.000000 0.000000
30.000000 0.000000 0.000000
20.000000 10.000000 0.000000

0.000000 0.000000 0.000000
3.750000 1.250000 -3.061862
1.250000 3.750000 3.061862

0.000000 0.000000 0.000000
4.023689 2.529397 -1.553086
-1.553086 4.023689 2.529397

0.000000 0.000000 0.000000
4.377975 2.100155 -1.192762
-1.908763 4.521519 0.955242

0.000000 0.000000 0.000000
2.844827 -3.733579 -1.722598
2.699096 3.275862 -2.642652

