0.0000000 0.0000000 1.0000000 
0.1191754 0.0000000 1.0000000 
0.0000000 0.1191754 1.0000000 

0.0000000 0.0000000 1.0000000 
0.2383507 0.0000000 1.0000000 
0.0000000 0.2383507 1.0000000 

0.4767014 0.0000000 1.0000000 
0.7150522 0.0000000 1.0000000 
0.4767014 0.2383507 1.0000000 

0.4767014 0.0000000 1.0000000 
0.4767014 0.2383507 1.0000000 
0.2383507 0.0000000 1.0000000 

0.4767014 0.0000000 1.0000000 
0.4767014 0.4767014 1.0000000 
0.0000000 0.0000000 1.0000000 

0.9534029 0.0000000 1.0000000 
1.1917536 0.0000000 1.0000000 
0.9534029 0.2383507 1.0000000 

0.9534029 0.0000000 1.0000000 
1.1917536 0.0000000 0.9897959 
0.9534029 0.2383507 1.0000000 

0.4767014 0.0000000 1.0000000 
0.7150522 0.0000000 1.0000000 
0.4767014 0.2383507 1.0000000 

0.0000000 0.0000000 1.0000000 
0.0842239 0.0280746 1.0023553 
0.0317373 0.0952120 0.9973375 

0.0000000 0.0000000 1.0000000 
0.0930157 0.0584721 1.0012296 
-0.0389904 0.1010151 0.9978252 

0.0000000 0.0000000 1.0000000 
0.1019181 0.0488910 1.0009510 
-0.0463816 0.1098698 0.9992050 

0.0000000 0.0000000 1.0000000 
0.0655484 -0.0860263 1.0013594 
0.0611036 0.0741608 1.0020490 

