





























































































































































































0.999974	
0.999974	0.999803	
0.999974	0.999803	0.999632	
0.999974	0.999803	0.999632	0.999461	
0.999974	0.999803	0.999632	0.999461	0.999289	
0.999974	0.999803	0.999632	0.999461	0.999289	0.999118	
0.999974	0.999803	0.999632	0.999461	0.999289	0.999118	0.998947	
0.999974	0.999803	0.999632	0.999461	0.999289	0.999118	0.998947	0.998776	
0.999974	0.999803	0.999632	0.999461	0.999289	0.999118	0.998947	0.998776	0.998604	
0.999974	0.999803	0.999632	0.999461	0.999289	0.999118	0.998947	0.998776	0.998604	0.998433	
0.999974	0.999803	0.999632	0.999461	0.999289	0.999118	0.998947	0.998776	0.998604	0.998433	0.998262	
0.999974	0.999803	0.999632	0.999461	0.999289	0.999118	0.998947	0.998776	0.998604	0.998433	0.998262	0.998091	
0.999974	0.999803	0.999632	0.999461	0.999289	0.999118	0.998947	0.998776	0.998604	0.998433	0.998262	0.998091	
0.999974	0.999803	0.999632	0.999461	0.999289	0.999118	0.998947	0.998776	0.998604	0.998433	0.998262	0.998091	
0.999974	0.999803	0.999632	0.999461	0.999289	0.999118	0.998947	0.998776	0.998604	0.998433	0.998262	0.998091	
0.999974	0.999803	0.999632	0.999461	0.999289	0.999118	0.998947	0.998776	0.998604	0.998433	0.998262	0.998091	
0.999974	0.999803	0.999632	0.999461	0.999289	0.999118	0.998947	0.998776	0.998604	0.998433	0.998262	0.998091	
0.999974	0.999803	0.999632	0.999461	0.999289	0.999118	0.998947	0.998776	0.998604	0.998433	0.998262	0.998091	
0.999974	0.999803	0.999632	0.999461	0.999289	0.999118	0.998947	0.998776	0.998604	0.998433	0.998262	0.998091	
0.999974	0.999803	0.999632	0.999461	0.999289	0.999118	0.998947	0.998776	0.998604	0.998433	0.998262	0.998091	
0.999974	0.999803	0.999632	0.999461	0.999289	0.999118	0.998947	0.998776	0.998604	0.998433	0.998262	0.998091	
0.999974	0.999803	0.999632	0.999461	0.999289	0.999118	0.998947	0.998776	0.998604	0.998433	0.998262	0.998091	
0.999974	0.999803	0.999632	0.999461	0.999289	0.999118	0.998947	0.998776	0.998604	0.998433	0.998262	0.998091	
0.999974	0.999803	0.999632	0.999461	0.999289	0.999118	0.998947	0.998776	0.998604	0.998433	0.998262	0.998091	
0.999974	0.999803	0.999632	0.999461	0.999289	0.999118	0.998947	0.998776	0.998604	0.998433	0.998262	0.998091	
0.999974	0.999803	0.999632	0.999461	0.999289	0.999118	0.998947	0.998776	0.998604	0.998433	0.998262	0.998091	
0.999974	0.999803	0.999632	0.999461	0.999289	0.999118	0.998947	0.998776	0.998604	0.998433	0.998262	0.998091	
0.999974	0.999803	0.999632	0.999461	0.999289	0.999118	0.998947	0.998776	0.998604	0.998433	0.998262	0.998091	
0.999974	0.999803	0.999632	0.999461	0.999289	0.999118	0.998947	0.998776	0.998604	0.998433	0.998262	0.998091	
0.999974	0.999803	0.999632	0.999461	0.999289	0.999118	0.998947	0.998776	0.998604	0.998433	0.998262	0.998091	
0.999974	0.999803	0.999632	0.999461	0.999289	0.999118	0.998947	0.998776	0.998604	0.998433	0.998262	0.998091	
0.999974	0.999803	0.999632	0.999461	0.999289	0.999118	0.998947	0.998776	0.998604	0.998433	0.998262	0.998091	
0.999974	0.999803	0.999632	0.999461	0.999289	0.999118	0.998947	0.998776	0.998604	0.998433	0.998262	0.998091	
0.999220	0.999262	0.999305	0.999974	0.999803	0.999632	0.999461	0.999289	0.999118	0.998947	0.998776	0.998604	0.998433	0.998262	0.998091	
0.999273	0.999316	0.999358	0.999401	0.999444	0.999974	0.999803	0.999632	0.999461	0.999289	0.999118	0.998947	0.998776	0.998604	0.998433	0.998262	0.998091	
0.999284	0.997886	0.997972	0.998059	0.999455	0.999497	0.999540	0.999974	0.999803	0.999632	0.999461	0.999289	0.999118	0.998947	0.998776	0.998604	0.998433	0.998262	0.998091	
0.997939	0.998025	0.998111	0.998198	0.998284	0.998370	0.999593	0.999636	0.999678	0.997315	0.997483	0.999974	0.999803	0.999632	0.999461	0.999289	0.999118	0.998947	0.998776	0.998604	0.998433	0.998262	0.998091	
0.999349	0.998078	0.998164	0.998250	0.998337	0.998423	0.998509	0.998595	0.998681	0.999732	0.999775	0.997483	0.997651	0.999974	0.999803	0.999632	0.999461	0.999289	0.999118	0.998947	0.998776	0.998604	0.998433	0.998262	0.998091	
0.999360	0.998131	0.998217	0.998303	0.998389	0.998476	0.998562	0.998648	0.998734	0.998820	0.998906	0.998992	0.999871	0.997651	0.997819	0.997987	0.999974	0.999803	0.999632	0.999461	0.999289	0.999118	0.998947	0.998776	0.998604	0.998433	0.998262	0.998091	
0.999413	0.998270	0.998356	0.998442	0.998528	0.998615	0.998701	0.998787	0.998873	0.998959	0.999045	0.999131	0.999217	0.999304	0.999390	0.997651	0.997819	0.997987	0.998154	0.998322	0.999974	0.999803	0.999632	0.999461	0.999289	0.999118	0.998947	0.998776	0.998604	0.998433	0.998262	0.998091	
0.999424	0.998323	0.998409	0.998495	0.998581	0.998667	0.998754	0.998840	0.998926	0.999012	0.999098	0.999184	0.999270	0.999356	0.999443	0.997819	0.997987	0.998154	0.998322	0.998490	0.998658	0.999974	0.999803	0.999632	0.999461	0.999289	0.999118	0.998947	0.998776	0.998604	0.998433	0.998262	0.998091	
0.998376	0.998462	0.998548	0.998634	0.998720	0.998806	0.998893	0.998979	0.999065	0.999151	0.999237	0.999323	0.999409	0.999495	0.997987	0.998154	0.998322	0.998490	0.998658	0.998826	0.998993	0.999974	0.999803	0.999632	0.999461	0.999289	0.999118	0.998947	0.998776	0.998604	0.998433	0.998262	0.998091	
0.999489	0.998515	0.998601	0.998687	0.998773	0.998859	0.998945	0.999032	0.999118	0.999204	0.999290	0.999376	0.999462	0.997987	0.998154	0.998322	0.998490	0.998658	0.998826	0.998993	0.999161	0.999974	0.999803	0.999632	0.999461	0.999289	0.999118	0.998947	0.998776	0.998604	0.998433	0.998262	0.998091	
0.998568	0.998654	0.998740	0.998826	0.998912	0.998998	0.999084	0.999171	0.999257	0.999343	0.999429	0.999515	0.998154	0.998322	0.998490	0.998658	0.998826	0.998993	0.999161	0.999329	0.999497	0.999974	0.999803	0.999632	0.999461	0.999289	0.999118	0.998947	0.998776	0.998604	0.998433	0.998262	0.998091	
0.999553	0.998707	0.998793	0.998879	0.998965	0.999051	0.999137	0.999223	0.999310	0.999396	0.999482	0.999568	0.998322	0.998490	0.998658	0.998826	0.998993	0.999161	0.999329	0.999497	0.999664	0.999832	0.999974	0.999803	0.999632	0.999461	0.999289	0.999118	0.998947	0.998776	0.998604	0.998433	0.998262	0.998091	
0.999564	0.998760	0.998846	0.998932	0.999018	0.999104	0.999190	0.999276	0.999362	0.999449	0.999535	0.998322	0.998490	0.998658	0.998826	0.998993	0.999161	0.999329	0.999497	0.999664	0.999832	0.999974	0.999803	0.999632	0.999461	0.999289	0.999118	0.998947	0.998776	0.998604	0.998433	0.998262	0.998091	
0.998813	0.998899	0.998985	0.999071	0.999157	0.999243	0.999329	0.999415	0.999501	0.999588	0.998490	0.998658	0.998826	0.998993	0.999161	0.999329	0.999497	0.999664	0.999832	0.999974	0.999803	0.999632	0.999461	0.999289	0.999118	0.998947	0.998776	0.998604	0.998433	0.998262	0.998091	
0.999629	0.998952	0.999038	0.999124	0.999210	0.999296	0.999382	0.999468	0.999554	0.999640	0.998658	0.998826	0.998993	0.999161	0.999329	0.999497	0.999664	0.999832	0.999974	0.999803	0.999632	0.999461	0.999289	0.999118	0.998947	0.998776	0.998604	0.998433	0.998262	0.998091	
0.999004	0.999090	0.999177	0.999263	0.999349	0.999435	0.999521	0.999607	0.998658	0.998826	0.998993	0.999161	0.999329	0.999497	0.999664	0.999832	0.999974	0.999803	0.999632	0.999461	0.999289	0.999118	0.998947	0.998776	0.998604	0.998433	0.998262	0.998091	
0.999057	0.999143	0.999229	0.999316	0.999402	0.999488	0.999574	0.999660	0.998826	0.998993	0.999161	0.999329	0.999497	0.999664	0.999832	0.999974	0.999803	0.999632	0.999461	0.999289	0.999118	0.998947	0.998776	0.998604	0.998433	0.998262	0.998091	
0.999704	0.999196	0.999282	0.999368	0.999455	0.999541	0.999627	0.999713	0.998993	0.999161	0.999329	0.999497	0.999664	0.999832	0.999974	0.999803	0.999632	0.999461	0.999289	0.999118	0.998947	0.998776	0.998604	0.998433	0.998262	0.998091	
0.999249	0.999335	0.999421	0.999507	0.999594	0.999680	0.998993	0.999161	0.999329	0.999497	0.999664	0.999832	0.999974	0.999803	0.999632	0.999461	0.999289	0.999118	0.998947	0.998776	0.998604	0.998433	0.998262	0.998091	
0.999769	0.999388	0.999474	0.999560	0.999646	0.999733	0.999161	0.999329	0.999497	0.999664	0.999832	0.999974	0.999803	0.999632	0.999461	0.999289	0.999118	0.998947	0.998776	0.998604	0.998433	0.998262	0.998091	
0.999441	0.999527	0.999613	0.999699	0.999785	0.999329	0.999497	0.999664	0.999832	0.999974	0.999803	0.999632	0.999461	0.999289	0.999118	0.998947	0.998776	0.998604	0.998433	0.998262	0.998091	
0.999494	0.999580	0.999666	0.999752	0.999329	0.999497	0.999664	0.999832	0.999974	0.999803	0.999632	0.999461	0.999289	0.999118	0.998947	0.998776	0.998604	0.998433	0.998262	0.998091	
0.999633	0.999719	0.999805	0.999497	0.999664	0.999832	0.999974	0.999803	0.999632	0.999461	0.999289	0.999118	0.998947	0.998776	0.998604	0.998433	0.998262	0.998091	
0.999686	0.999772	0.999858	0.999664	0.999832	0.999974	0.999803	0.999632	0.999461	0.999289	0.999118	0.998947	0.998776	0.998604	0.998433	0.998262	0.998091	
0.999909	0.999825	0.999664	0.999832	0.999974	0.999803	0.999632	0.999461	0.999289	0.999118	0.998947	0.998776	0.998604	0.998433	0.998262	0.998091	
0.999878	0.999832	0.999974	0.999803	0.999632	0.999461	0.999289	0.999118	0.998947	0.998776	0.998604	0.998433	0.998262	0.998091	
0.999931	0.999974	0.999803	0.999632	0.999461	0.999289	0.999118	0.998947	0.998776	0.998604	0.998433	0.998262	0.998091	


























































































































































































































































